Dataset size: 4054
Valid samples: 4054
Error samples: 0
Sensitive content violations: 0

Classification Report:
              precision    recall  f1-score   support

         c01       0.00      0.00      0.00       119
         c02       0.00      0.00      0.00        41
         c03       0.00      0.00      0.00        28
         c04       0.00      0.00      0.00       563
         c05       0.00      0.00      0.00       122
         c06       0.00      0.00      0.00       194
         c07       0.00      0.00      0.00        35
         c08       0.00      0.00      0.00       137
         c09       0.00      0.00      0.00        35
         c10       0.00      0.00      0.00       305
         c11       0.00      0.00      0.00        69
         c12       0.00      0.00      0.00       187
         c13       0.00      0.00      0.00       107
         c14       0.00      0.00      0.00       642
         c15       0.00      0.00      0.00        73
         c16       0.00      0.00      0.00        71
         c17       1.00      0.01      0.02       128
         c18       0.00      0.00      0.00       177
         c19       1.00      0.02      0.04        47
         c20       0.00      0.00      0.00       225
         c21       0.00      0.00      0.00       303
         c22       1.00      0.18      0.31        11
         c23       0.11      1.00      0.19       435

    accuracy                           0.11      4054
   macro avg       0.14      0.05      0.02      4054
weighted avg       0.06      0.11      0.02      4054
